option optcr = 0.0001;

set
i/1*16/ ;
alias (i,j);

Table
c(i,j)
    1    2    3    4    5    6    7    8    9    10   11   12   13   14   15   16
1   999  6.7  6.4  7.3  11.7 11.4 6.2  10.3 16.4 13.4 8    19   5.7  4.2  4.2  3.4
2   6.7  999  1.7  5.5  9.5  9.2  2.7  2.8  15.3 11.9 2.1  14.8 10.8 5.6  9.3  4
3   6.4  1.7  999  4.2  8.4  8.2  1.9  4.1  13.1 10.9 0.4  14   13.1 4.6  10.6 3.8
4   7.3  5.5  4.2  999  10.5 10.3 4    2.8  15.2 12.2 4.5  17.7 10.1 3    6.2  1.7
5   11.7 9.5  8.4  10.5 999  0.7  7.3  11.3 7.6  7.3  8.6  11.2 16.4 8.6  17.9 9.5
6   11.4 9.2  8.2  10.3 0.7  999  6.7  10.8 8.1  6.7  7    11.6 15.8 8    17.3 8.9
7   6.2  2.7  1.9  4    7.3  6.7  999  4.1  12.4 10.2 0.35 13.7 12.4 3.9  10.1 3.1
8   10.3 2.8  4.1  2.8  11.3 10.8 4.1  999  14.1 11.7 3.9  16.4 9.2  3.1  7.7  1.5
9   16.4 15.3 13.1 15.2 7.6  8.1  12.4 14.1 999  5.2  13.1 14.8 21.9 13.1 23.4 15
10  13.4 11.9 10.9 12.2 7.3  6.7  10.2 11.7 5.2  999  8.3  14.2 16.9 8    18.3 10
11  8    2.1  0.4  4.5  8.6  7    0.35 3.9  13.1 8.3  999  13.6 11.9 4.6  10.4 3.5
12  19   14.8 14   17.7 11.2 11.6 13.7 16.4 14.8 14.2 13.6 999  25.3 16.7 22.9 15.9
13  5.7  10.8 13.1 10.1 16.4 15.8 12.4 9.2  21.9 16.9 11.9 25.3 999  9.8  3.4  10.1
14  4.2  5.6  4.6  3    8.6  8    3.9  3.1  13.1 8    4.6  16.7 9.8  999  8.4  2.2
15  4.2  9.3  10.6 6.2  17.9 17.3 10.1 7.7  23.4 18.3 10.4 22.9 3.4  8.4  999  8
16  3.4  4    3.8  1.7  9.5  8.9  3.1  1.5  15   10   3.5  15.9 10.1 2.2  8    999
;

Variable
z
u(i);
Binary Variable
x(i,j);

Equations
obj
r1
r2
r3;

obj.. z =E= sum((i,j), c(i,j)*x(i,j));
r1(i).. sum(j, x(i,j)) =E= 1;
r2(j).. sum(i, x(i,j)) =E= 1;
r3(i,j) $(ord(i)>1 and ord(j)>1 and ord(i) <> ord(j)).. u(i)-u(j)+card(i)*x(i,j)=L=card(i)-1;

model tsp_reto /all/;

solve tsp_reto using MIP min z;